0,493,0,0,0,0,0,0,0,0,0,0,466,0,0,0,0,0,0,0,0,0,0,0,0,440,0,0,0,0,0,0,0,0,0,0,415,0,0,0,0,0,0,0,0,0,0,391,369,0,0,0,0,0,0,0,0,0,0,349,329,0,0,0,0,0,0,0,0,0,0,311,0,0,0,0,0,0,0,0,0,0,65,38,277,233,349,554,0,0,0,0,0,0,0,0,0,0,0,0,0,38,0,0,73,77,65,0,58,207,311,261,622,0,0,0,0,0,0,0,0,0,0,0,0,65,51,0,0,0,0,0,0,0,0,0,0,0,0,0,51,0,0,0,0,0,0,73,77,415,0,0,0,0,0,0,0,0,0,0,0,0,0,0,0,0,0,0,0,0,0,0,0,43,51,0,65,43,261,207,311,622,0,0,0,0,0,0,0,0,0,0,0,0,0,43,0,0,73,77,65,0,58,277,349,233,698,0,0,0,0,0,0,0,0,0,0,0,0,0,65,0,0,0,0,0,0,0,0,0,0,0,0,0,0,0,0,0,0,0,0,0,0,0,58,0,0,73,77,58,830,0,739,0,698,58,554,0,65,38,277,233,349,0,0,0,0,0,0,0,0,0,0,0,0,0,38,0,0,73,77,65,0,58,207,311,261,622,0,0,0,0,0,0,0,0,0,0,0,0,65,51,0,0,0,0,0,0,0,0,0,0,0,0,0,51,0,0,0,0,0,0,73,77,415,0,0,0,0,0,0,0,0,0,0,0,0,0,0,0,0,0,0,0,0,0,0,0,51,51,0,65,43,207,261,311,0,0,0,0,0,0,0,0,0,0,0,0,0,43,0,0,73,77,65,0,58,233,277,349,0,0,0,0,0,0,0,0,0,0,0,0,0,65,0,0,0,0,0,0,51,0,0,0,0,0,0,0,0,0,0,0,0,0,73,77,51,233,466,830,0,277,554,739,0,233,466,698,69,277,554,554,0,65,38,277,233,349,415,0,0,0,0,0,0,0,0,0,0,0,0,0,38,0,92,73,77,0,0,0,0,0,0,0,0,0,0,0,0,58,207,311,261,622,0,0,0,0,0,0,0,0,0,0,0,0,65,51,0,0,0,0,0,0,0,0,0,0,0,0,0,51,0,0,0,0,0,0,73,77,415,0,0,0,43,349,51,311,0,65,43,207,261,311,622,349,0,0,0,0,0,0,0,0,0,0,0,0,0,43,0,92,73,77,0,0,0,0,0,0,0,0,0,0,0,0,58,277,233,349,698,0,0,0,0,0,0,0,0,0,0,0,0,0,65,0,0,0,0,0,0,0,0,0,0,0,0,0,0,0,0,0,0,0,0,0,0,0,58,0,0,73,77,58,830,0,739,0,698,58,554,0,65,38,277,233,349,0,0,0,0,0,0,0,0,0,0,0,0,0,38,0,92,73,77,0,0,0,0,0,0,0,0,0,0,0,0,58,207,261,311,622,0,0,0,0,0,0,0,0,0,0,0,0,65,51,0,0,0,0,0,0,0,0,0,0,0,0,0,51,0,0,0,0,0,0,73,77,415,0,0,0,0,0,0,0,0,0,0,0,0,0,0,0,0,0,0,0,0,0,0,0,51,51,0,65,43,0,0,0,0,0,0,0,0,0,0,0,0,0,43,233,277,349,43,0,73,77,233,277,349,0,0,0,0,0,0,0,0,0,0,0,0,58,0,0,0,0,0,0,0,0,0,0,0,0,0,65,110,77,0,0,0,0,0,0,0,0,0,0,0,77,0,0,0,0,0,0,0,0,0,0,0,97,51,554,1108,0,554,1108,0,0,0,0,73,110,77,51,554,1108,0,77,51,554,1108,0,97,97,69,554,1108,0,65,58,233,349,277,184,0,0,0,0,0,0,0,0,0,0,0,0,0,58,277,0,0,73,77,277,0,0,0,0,0,0,0,0,0,0,0,0,65,233,0,0,0,65,51,277,116,58,311,0,0,0,0,0,0,0,0,0,0,0,0,0,73,77,116,43,0,0,65,58,261,311,207,0,0,0,0,0,0,0,0,0,0,0,0,0,51,261,0,0,73,77,233,0,0,0,0,0,0,0,0,0,0,0,0,65,261,0,0,0,0,0,0,0,0,0,0,0,0,0,65,0,0,0,0,207,0,0,0,0,0,0,0,0,0,0,0,0,0,0,0,0,0,0,0,0,0,0,0,73,77,116,43,0,0,65,58,349,184,233,277,0,0,0,0,0,0,0,0,0,0,0,0,0,58,233,0,0,




73,77,233,0,0,0,0,0,0,0,0,0,0,0,0,65,261,0,0,0,65,51,277,116,58,233,0,0,73,77,116,58,207,0,0,65,38,277,415,349,233,415,0,0,0,0,0,0,0,0,0,0,0,0,0,38,0,0,73,77,415,38,0,51,207,311,261,311,0,0,0,0,0,0,0,0,0,0,0,0,0,65,0,0,0,0,0,0,0,0,0,0,0,0,0,0,0,0,0,0,0,0,0,0,0,51,0,0,73,77,51,116,43,0,0,65,58,233,184,349,277,0,0,0,0,0,0,0,0,0,0,0,0,0,58,233,0,0,73,77,233,0,0,0,0,0,0,0,0,0,0,0,0,65,261,0,0,0,65,51,277,116,58,233,0,0,73,77,277,116,43,311,0,0,65,58,207,311,261,0,0,0,0,0,0,0,0,0,0,0,0,0,51,261,0,0,73,77,233,0,0,0,0,0,0,0,0,0,0,0,0,65,261,0,0,0,0,0,0,0,0,0,0,0,0,0,65,0,0,0,0,207,0,0,0,0,0,0,0,0,0,0,0,0,0,0,0,0,0,0,0,0,0,0,0,73,77,116,43,0,0,65,58,184,233,349,277,415,830,0,0,0,0,0,0,0,0,0,0,0,0,0,58,233,0,0,73,77,233,0,0,0,0,0,0,0,0,0,0,0,0,65,261,0,0,0,65,51,277,116,58,233,0,0,73,77,207,0,0,58,58,92,65,38,184,233,349,277,311,0,0,0,0,0,0,0,0,0,0,0,0,0,38,349,698,311,0,92,73,77,311,38,0,51,207,261,311,311,622,349,92,65,311,0,0,0,0,0,0,0,0,0,0,0,0,0,0,0,0,0,0,0,0,0,0,97,51,277,554,0,51,92,73,97,77,51,0,0,0,0,0,0,0,0,0,0,0,0,0,43,233,466,51,0,65,58,466,311,277,369,466,311,277,369,277,0,0,0,0,0,0,0,0,0,0,0,0,0,58,0,0,73,77,0,0,0,0,0,0,0,0,0,0,0,0,65,0,0,0,0,0,0,0,0,0,0,0,0,65,51,116,58,311,0,0,73,77,349,116,43,277,51,0,65,58,415,311,349,261,415,311,349,261,311,0,0,0,0,0,0,0,0,0,0,0,0,0,51,311,0,0,73,77,311,0,0,0,0,0,0,0,0,0,0,0,0,65,349,0,0,65,311,0,0,207,0,0,73,77,207,0,0,0,0,0,0,0,0,0,0,0,0,0,0,0,0,0,0,0,0,0,0,0,43,51,92,65,58,466,277,311,369,466,277,311,369,0,0,0,0,0,0,0,0,0,0,0,0,0,58,0,0,73,77,0,0,0,0,0,0,0,0,0,0,0,0,65,0,0,0,0,0,0,0,0,0,0,0,0,65,51,233,0,0,58,261,0,0,73,77,277,0,0,43,233,51,0,65,58,466,311,277,369,466,311,277,369,116,51,311,0,466,311,277,369,466,311,277,369,92,73,77,349,0,0,0,0,0,0,0,0,0,0,0,0,110,65,311,415,523,311,415,523,311,0,0,0,0,0,0,0,0,0,0,0,0,65,110,77,0,0,0,0,0,0,0,0,0,0,0,77,0,0,0,0,0,0,0,0,0,0,0,97,415,830,207,0,0,0,0,207,415,830,0,0,0,0,73,110,77,207,0,77,233,0,97,43,277,97,51,233,92,65,38,277,233,349,1108,349,415,554,349,0,0,0,0,0,0,0,0,0,0,0,0,0,38,0,0,73,77,349,554,415,349,65,0,58,261,207,311,1244,415,311,523,311,0,0,65,51,0,0,0,0,0,0,0,0,0,0,0,0,0,51,0,0,0,0,73,77,830,207,0,0,43,277,51,233,0,65,43,174,207,261,1244,311,523,415,311,0,0,0,0,0,0,0,0,0,0,0,0,0,43,0,92,73,77,311,523,415,311,0,0,0,0,0,0,0,0,0,0,0,0,58,233,277,349,1396,277,466,349,277,0,65,0,0,0,0,58,233,0,0,73,77,58,1661,207,0,1479,233,0,1396,277,58,1108,233,0,65,38,277,233,349,277,0,0,0,0,0,0,0,0,0,0,0,0,0,38,0,0,73,77,311,65,0,58,207,311,261,1244,261,0,0,0,0,0,0,0,0,0,0,0,0,65,51,0,0,51,207,0,0,73,77,830,207,116,51,311,0,0,65,43,261,174,207,311,415,523,0,0,0,0,0,0,0,0,0,0,0,0,0,43,0,92,73,77,349,466,554,277,0,0,




0,0,0,0,0,0,0,0,0,0,58,349,277,233,0,0,0,0,0,0,0,0,0,0,0,0,0,65,0,0,0,0,0,0,51,415,830,207,0,830,207,0,0,0,0,73,77,51,1661,207,0,1479,233,0,1396,277,69,1108,233,0,65,38,233,277,349,311,554,415,349,0,0,0,0,0,0,0,0,0,0,0,0,0,38,0,0,73,77,311,554,415,349,65,0,58,207,311,261,1244,415,311,523,311,0,0,0,0,0,0,0,0,0,0,0,0,65,51,0,0,0,0,0,0,0,0,0,0,0,0,0,51,0,73,77,830,207,0,0,43,277,51,233,0,65,43,174,207,261,1244,415,622,523,415,0,0,0,0,0,0,0,0,0,0,0,0,0,43,0,92,73,77,415,622,523,261,0,0,0,0,0,0,0,0,0,0,0,0,58,277,233,349,1396,349,466,554,277,0,0,0,0,0,0,0,0,0,0,0,0,0,65,0,523,415,261,0,58,277,466,349,233,0,0,73,77,58,1661,207,0,1479,233,0,1396,277,58,1108,233,0,65,38,233,277,349,277,0,0,0,0,0,0,0,0,0,0,0,0,0,38,0,0,73,77,311,65,0,58,311,207,261,1244,261,0,0,0,0,0,0,0,0,0,0,0,0,65,51,0,0,51,207,0,0,0,0,0,0,73,77,830,0,0,0,0,0,0,0,0,0,0,0,0,0,0,0,51,207,51,0,65,43,207,261,311,311,415,523,311,0,0,0,0,0,0,0,0,0,0,0,0,43,0,0,73,77,233,277,349,415,349,554,277,0,0,0,0,0,0,0,0,0,0,0,0,58,0,0,0,0,0,0,0,0,0,0,0,0,0,65,110,77,0,0,0,0,0,0,0,0,0,0,0,77,0,0,0,0,0,0,0,0,0,0,0,97,51,554,1108,0,554,1108,0,73,110,77,51,554,1108,0,77,51,554,1108,0,97,97,69,554,1108,0,65,58,233,349,277,184,0,0,0,0,0,0,0,0,0,0,0,0,0,58,0,0,73,77,233,0,0,0,0,0,0,0,0,0,0,0,0,65,261,0,0,0,65,51,277,116,58,277,0,0,73,77,311,116,43,261,0,0,65,58,261,311,207,0,0,51,207,0,0,73,77,0,0,0,0,0,0,0,0,0,0,0,0,65,0,0,0,0,0,0,0,0,0,0,0,0,0,65,0,0,0,0,0,0,0,0,0,0,0,0,0,0,0,0,0,0,0,0,0,0,0,0,0,0,0,0,0,0,0,0,0,0,0,0,0,0,0,0,0,0,0,0,0,0,73,77,116,43,0,0,65,58,349,184,233,277,0,0,0,0,0,0,0,0,0,0,0,0,0,58,233,0,0,73,77,233,0,0,0,0,0,0,0,0,0,0,0,0,65,261,0,0,0,65,51,277,116,58,233,0,0,73,77,116,58,207,0,0,65,38,277,415,349,233,415,0,0,0,0,0,0,0,0,0,0,0,0,0,38,0,0,73,77,415,38,0,51,207,311,261,311,0,0,0,0,0,0,0,0,0,0,0,0,0,65,0,0,0,0,51,349,0,0,73,77,51,311,116,43,277,0,0,65,58,233,184,349,277,0,0,0,0,0,0,0,0,0,0,0,0,0,58,233,0,0,73,77,233,0,0,0,0,0,0,0,0,0,0,0,0,65,261,0,0,0,65,51,277,116,58,233,0,0,73,77,277,116,43,311,0,0,65,58,207,311,261,0,0,0,0,0,0,0,0,0,0,0,0,0,51,261,0,0,73,77,233,0,0,0,0,0,0,0,0,0,0,0,0,65,261,0,0,0,0,0,0,0,0,0,0,0,0,0,65,0,0,0,0,0,0,0,0,0,0,0,0,207,0,0,0,0,0,0,0,0,0,0,0,0,0,0,0,0,0,0,0,0,0,0,0,73,77,116,43,0,0,65,58,184,233,349,277,415,830,0,0,0,0,0,0,0,0,0,0,0,0,0,58,233,0,0,73,77,233,0,0,0,0,0,0,0,0,0,0,0,0,65,261,0,0,0,65,51,277,116,58,233,0,0,73,77,207,0,0,58,58,92,65,38,184,233,349,277,311,0,0,38,349,698,311,0,92,73,77,311,38,0,51,207,261,311,311,622,349,92,65,311,0,0,0,0,0,0,0,0,0,0,0,0,0,0,0,0,0,0,0,0,0,0,97,51,277,554,0,51,92,73,97,77,51,0,0,0,0,0,0,0,0,0,0,0,0,0,43,233,466,51,0,65,58,466,311,277,369,




466,311,277,369,277,0,0,0,0,0,0,0,0,0,0,0,0,0,58,0,0,73,77,0,0,0,0,0,0,0,0,0,0,0,0,65,0,0,0,0,0,0,0,0,0,0,0,0,65,51,116,58,311,0,0,73,77,349,116,43,277,51,0,65,58,415,311,349,261,415,311,349,261,311,0,0,0,0,0,0,0,0,0,0,0,0,0,51,311,0,0,73,77,311,0,0,0,0,0,0,0,0,0,0,0,0,65,349,0,0,65,311,0,0,207,0,0,73,77,207,0,0,0,0,0,0,0,0,0,0,0,0,0,0,0,0,0,0,0,0,0,0,0,43,51,0,65,58,466,277,311,369,466,277,311,369,0,0,0,0,0,0,0,0,0,0,0,0,0,58,0,0,73,77,0,0,0,0,0,0,0,0,0,0,0,0,65,0,0,0,0,0,0,0,0,0,0,0,0,65,51,233,0,0,58,261,0,0,73,77,277,0,0,43,233,51,0,65,58,466,311,277,369,466,311,277,369,116,51,311,0,466,311,277,369,466,311,277,369,92,73,77,349,0,0,0,0,0,0,0,0,0,0,0,0,110,65,311,415,523,311,415,523,311,0,0,0,0,0,0,0,0,0,0,0,0,65,110,77,0,0,0,0,0,0,0,0,0,0,0,77,0,0,0,0,0,0,0,0,0,0,0,97,415,830,207,0,0,0,0,207,415,830,0,0,0,0,73,110,77,207,0,77,233,0,97,43,277,97,51,233,92,65,38,277,349,233,1108,349,415,554,349,0,0,0,0,0,0,0,0,0,0,0,0,0,38,0,0,73,77,349,554,415,349,65,0,58,311,261,207,1244,415,311,523,311,0,0,65,51,0,0,0,0,0,0,0,0,0,0,0,0,0,51,0,0,0,0,73,77,830,207,0,0,43,277,51,233,0,65,43,207,261,174,1244,311,523,415,311,0,0,0,0,0,0,0,0,0,0,0,0,0,43,0,0,73,77,311,523,415,311,65,0,58,277,349,233,1396,277,466,349,277,0,65,0,0,0,0,58,233,0,0,73,77,58,1661,207,0,1479,233,0,1396,277,58,1108,233,0,65,38,277,349,233,277,0,0,0,0,0,0,0,0,0,0,0,0,0,38,0,0,73,77,311,65,0,58,311,261,207,1244,261,0,0,0,0,0,0,0,0,0,0,0,0,65,51,0,0,51,207,0,0,73,77,830,207,0,0,51,311,51,0,65,43,207,261,174,311,415,523,0,0,0,0,0,0,0,0,0,0,0,0,0,43,0,0,73,77,349,466,554,277,65,0,58,277,349,233,0,0,0,0,0,0,0,0,0,0,0,0,0,65,0,0,0,0,0,0,51,415,830,207,0,830,207,0,0,0,0,73,77,51,1661,207,0,1479,233,0,1396,277,69,1108,233,0,65,38,277,349,233,311,554,415,349,0,0,0,0,0,0,0,0,0,0,0,0,0,38,0,0,73,77,311,554,415,349,65,0,58,207,311,261,1244,415,311,523,311,0,0,0,0,0,0,0,0,0,0,0,0,65,51,0,0,0,0,0,0,0,0,0,0,0,0,0,51,0,73,77,830,207,0,0,43,277,51,233,0,65,43,207,261,174,1244,415,622,523,415,0,0,0,0,0,0,0,0,0,0,0,0,0,43,0,0,73,77,415,622,523,261,65,0,58,277,349,233,1396,349,466,554,277,0,0,0,0,0,0,0,0,0,0,0,0,0,65,0,523,415,261,0,58,277,466,349,233,0,0,73,77,58,1661,207,0,1479,233,0,1396,277,58,1108,233,0,65,38,277,349,233,277,0,0,0,0,0,0,0,0,0,0,0,0,0,38,0,0,73,77,311,65,0,58,311,261,207,1244,261,0,0,0,0,0,0,0,0,0,0,0,0,65,51,0,0,51,207,0,0,0,0,0,0,73,77,830,0,0,0,0,0,0,0,0,0,0,0,0,0,0,0,51,207,51,0,65,43,311,261,207,311,415,523,311,116,43,0,0,73,77,277,349,233,415,349,554,277,0,0,0,0,0,0,0,0,0,0,0,0,58,0,0,0,0,0,0,0,0,0,0,0,0,0,65,110,0,0,0,0,0,0,0,0,0,0,0,0,0,0,0,0,0,0,0,0,0,0,97,51,554,1108,0,554,1108,0,73,110,77,51,554,1108,207,0,51,554,1108,233,0,97,277,97,69,554,1108,233,0,65,38,277,349,233,1108,349,415,554,349,0,0,0,0,0,0,0,0,0,0,0,0,0,38,0,0,73,77,349,554,415,349,65,




0,58,311,261,207,1244,415,311,523,311,0,0,65,51,0,0,0,0,0,0,0,0,0,0,0,0,0,51,0,0,0,0,73,77,830,207,0,0,43,277,51,233,0,65,43,261,311,207,1244,311,523,415,311,0,0,0,0,0,0,0,0,0,0,0,0,0,43,0,0,73,77,311,523,415,311,65,0,58,277,349,233,1396,277,466,349,277,0,65,0,0,0,0,58,233,0,0,73,77,58,1661,207,0,1479,233,0,1396,277,58,1108,233,0,65,38,277,349,233,277,0,0,0,0,0,0,0,0,0,0,0,0,0,38,0,0,73,77,311,65,0,58,261,311,207,1244,261,0,0,0,0,0,0,0,0,0,0,0,0,65,51,0,0,51,207,0,0,0,0,0,0,73,77,830,207,0,0,51,311,51,0,65,43,311,261,207,311,415,523,0,0,0,0,0,0,0,0,0,0,0,0,0,43,0,0,73,77,349,466,554,277,65,0,58,277,349,233,0,0,0,0,0,0,0,0,0,0,0,0,0,65,0,0,0,0,0,0,51,415,830,207,0,830,207,0,0,0,0,73,77,51,1661,207,0,1479,233,0,1396,277,69,1108,233,0,65,38,277,349,233,311,554,415,349,0,0,0,0,0,0,0,0,0,0,0,0,0,38,0,0,73,77,311,554,415,349,65,0,58,261,311,207,1244,415,311,523,311,0,0,0,0,0,0,0,0,0,0,0,0,65,51,0,0,0,0,0,0,0,0,0,0,0,0,0,51,0,73,77,830,207,0,0,43,277,51,233,0,65,43,261,311,207,1244,415,622,523,415,0,0,0,0,0,0,0,0,0,0,0,0,0,43,0,0,73,77,415,622,523,261,65,0,58,277,349,233,1396,349,466,554,277,0,0,0,0,0,0,0,0,0,0,0,0,0,65,0,523,415,261,0,58,277,466,349,233,0,0,73,77,58,1661,207,0,1479,233,0,1396,277,58,1108,233,0,65,38,277,349,233,277,0,0,0,0,0,0,0,0,0,0,0,0,0,38,0,0,73,77,311,65,0,58,311,261,207,1244,261,0,0,0,0,0,0,0,0,0,0,0,0,65,51,0,0,51,207,0,0,0,0,0,0,73,77,830,0,0,0,0,0,0,0,0,0,0,0,0,0,0,0,51,207,51,0,65,43,311,261,207,311,415,523,311,116,110,43,277,0,0,73,77,277,349,233,415,349,554,277,0,0,0,0,0,0,0,0,0,0,0,0,58,0,0,0,0,0,0,0,0,0,0,0,0,0,65,77,0,0,0,0,0,0,0,0,0,0,0,0,0,0,0,0,0,0,0,0,0,0,51,554,1108,0,1108,0,73,77,51,554,1108,0,51,554,1108,0,110,0,0,0,0,0,0,0,0,0,0,0,69,554,1108,92,65,77,233,277,349,415,0,0,0,69,0,349,277,233,0,73,77,0,0,0,0,0,0,0,0,0,0,0,0,87,233,349,277,0,0,0,0,0,0,0,0,0,0,0,0,65,69,233,277,349,0,0,0,0,0,0,0,0,0,0,0,116,77,87,0,277,233,349,0,0,0,0,0,0,73,77,103,0,369,0,43,233,277,349,349,0,116,311,0,65,58,349,349,415,554,0,51,233,277,349,0,233,277,349,349,415,554,0,73,77,277,233,349,0,0,0,0,0,0,0,0,0,0,0,0,65,207,261,311,523,415,311,0,0,0,0,0,0,0,0,0,0,0,0,0,65,0,0,0,0,0,0,0,0,0,116,0,0,0,0,0,0,0,0,0,0,0,0,0,0,73,77,138,0,0,0,0,0,0,0,0,0,0,0,0,0,0,58,0,155,0,65,77,233,277,349,415,0,0,0,69,0,349,277,233,0,73,77,0,0,0,0,0,0,0,0,0,0,0,0,87,233,349,277,0,0,0,0,0,0,0,0,0,0,0,0,65,69,233,277,349,0,0,0,0,0,0,0,0,0,0,0,116,77,87,0,277,233,349,0,0,0,0,0,0,73,77,103,0,369,0,43,233,277,349,349,0,116,311,0,65,58,349,349,415,554,0,51,233,277,349,0,233,277,349,349,415,554,0,73,77,277,233,349,0,0,0,0,0,0,0,0,0,0,0,0,65,207,261,311,523,415,311,0,0,0,0,0,0,0,0,0,0,0,0,0,65,0,0,0,0,0,0,0,0,0,116,0,0,0,0,0,0,0,0,0,0,0,0,0,0,73,77,138,0,0,0,0,0,0,0,0,0,0,0,0,0,0,58,0,155,0,65,77,233,277,349,415,0,




0,0,69,207,0,349,277,233,233,0,73,77,277,0,233,0,87,233,349,277,349,0,0,0,0,0,0,0,0,0,0,0,0,65,69,233,277,349,207,0,233,116,77,87,277,0,277,233,349,233,0,73,77,103,349,0,369,0,43,233,277,349,349,0,116,311,0,65,58,349,349,415,554,0,51,233,277,349,0,233,277,349,349,415,554,0,73,77,277,233,349,0,0,0,0,0,0,0,0,0,0,0,0,65,207,261,311,523,415,311,0,0,0,0,0,0,0,0,0,0,0,0,0,65,0,0,0,0,0,0,0,0,0,116,0,0,0,0,0,0,0,0,0,0,0,0,0,0,73,77,138,0,0,0,0,0,0,0,0,0,0,0,0,0,0,58,0,155,0,65,77,233,277,349,415,0,0,0,69,207,0,349,277,233,233,0,73,77,277,0,233,0,87,233,349,277,349,0,0,0,0,0,0,0,0,0,0,0,0,65,69,233,277,349,207,0,233,116,77,87,277,0,277,233,349,233,0,73,77,103,349,0,369,0,43,233,277,349,349,0,116,311,0,65,58,349,349,415,554,0,0,51,233,277,349,0,233,277,349,349,415,554,0,73,110,77,277,233,349,0,0,0,0,0,0,0,0,0,0,0,0,65,207,261,311,523,415,311,0,0,0,0,0,0,0,0,0,0,0,0,0,65,110,77,0,0,77,116,0,0,0,0,0,0,0,97,77,116,0,0,0,0,0,0,0,77,116,0,0,0,0,0,0,0,73,110,77,138,0,0,0,0,0,0,0,155,0,0,0,0,0,0,0,97,58,0,69,0,65,0,0,0,0,0,0,0,0,0,0,0,0,0,0,0,0,0,0,0,0,0,0,0,277,0,0,73,77,277,0,0,233,0,0,0,0,0,0,0,0,0,0,0,0,0,65,277,0,0,311,0,0,0,0,0,0,0,0,0,0,0,0,0,0,0,0,0,0,0,0,0,0,0,73,77,0,0,0,0,0,0,0,0,0,0,0,0,0,0,0,0,0,0,0,0,0,0,0,0,0,0,0,65,0,0,0,0,0,0,0,0,0,0,0,0,0,0,0,0,0,0,0,0,0,0,0,261,0,0,73,77,233,0,0,261,0,0,0,0,0,0,0,0,0,0,0,0,0,0,0,0,0,0,0,0,0,0,0,65,0,0,0,0,207,0,0,0,0,0,0,0,0,0,0,0,0,0,0,0,0,0,0,0,0,0,0,0,73,77,0,0,0,0,0,0,0,0,0,0,0,0,0,0,0,0,0,0,0,0,0,0,0,0,0,0,0,0,0,0,0,0,0,0,0,0,0,0,0,65,0,0,0,0,0,0,0,0,0,0,0,0,0,0,0,0,0,0,0,0,0,0,0,233,0,0,0,0,0,0,0,0,0,0,0,0,0,73,77,233,0,0,261,0,0,0,0,0,0,0,0,0,0,0,0,0,65,277,0,0,233,0,0,73,77,207,0,0,0,0,0,0,0,0,0,0,0,0,0,0,0,0,0,0,0,0,0,0,0,0,0,0,0,65,184,233,349,277,0,0,0,0,0,0,0,0,0,0,0,0,0,0,0,0,0,0,0,0,0,0,0,415,0,0,0,0,0,0,0,0,0,0,0,0,0,73,77,415,0,0,174,261,207,311,311,0,0,0,0,0,0,0,0,0,0,0,0,0,0,0,0,0,0,0,0,0,0,0,65,0,0,0,0,349,0,0,73,77,311,0,0,277,92,65,0,0,0,0,0,0,0,0,0,0,0,0,0,0,0,0,0,0,0,0,0,0,0,277,0,0,73,77,277,0,0,233,0,0,0,0,0,0,0,0,0,0,0,0,0,65,277,0,0,233,0,0,73,77,277,0,0,311,0,0,65,0,0,0,0,0,0,0,0,0,0,0,0,0,0,0,0,0,0,0,0,0,0,0,261,0,0,73,77,233,0,0,261,0,0,0,0,0,0,0,0,0,0,0,0,0,0,0,0,0,0,0,0,0,0,0,65,0,0,0,0,207,0,0,0,0,0,0,0,0,0,0,0,0,0,0,0,0,0,0,0,0,0,0,0,73,77,0,0,0,0,0,0,0,0,0,0,0,0,0,0,0,0,0,0,0,0,0,0,0,0,0,0,0,0,0,0,0,0,0,0,0,0,0,0,0,65,0,0,0,0,0,0,0,0,0,0,0,0,0,0,0,0,0,0,0,0,0,0,0,233,0,0,73,77,233,0,0,261,0,0,0,0,0,0,0,0,0,




0,0,0,0,65,277,0,0,233,0,0,73,77,207,0,0,0,0,0,0,0,0,0,0,0,0,0,0,0,0,0,0,0,0,0,0,0,0,0,0,0,65,349,184,233,277,0,0,0,0,0,0,0,0,0,0,0,0,0,0,0,0,0,0,0,0,0,0,0,311,0,0,73,77,349,0,0,174,207,261,311,349,0,0,0,0,0,0,0,0,0,0,0,0,0,0,0,0,0,0,0,0,0,0,0,65,110,0,0,0,0,0,0,0,0,0,0,0,0,0,0,0,97,311,0,0,0,0,0,0,0,0,0,0,0,0,0,0,0,0,0,0,0,0,0,0,73,110,77,0,0,0,0,0,0,0,0,0,0,0,0,0,0,0,97,97,0,0,0,0,0,0,0,0,0,0,0,65,58,369,466,277,311,466,311,277,369,932,277,0,0,0,0,0,0,0,0,0,0,0,0,0,58,0,0,73,77,0,0,0,0,0,0,0,0,0,0,0,0,65,0,0,0,0,0,0,0,0,0,0,0,0,65,51,116,58,311,0,0,73,77,349,0,0,43,277,51,0,65,58,349,415,261,311,415,311,349,261,1244,311,0,0,51,311,0,0,73,77,311,0,0,0,0,0,0,0,0,0,0,0,0,65,349,0,0,65,1396,311,0,0,207,0,0,73,77,207,0,0,0,0,0,0,0,0,0,0,0,0,0,0,0,0,0,0,0,0,0,0,0,43,51,0,65,58,369,311,466,277,466,277,311,369,932,0,0,0,0,0,0,0,0,0,0,0,0,0,58,0,0,73,77,0,0,0,0,0,0,0,0,0,0,0,0,65,0,0,0,0,0,0,0,0,0,0,0,0,65,51,233,0,0,58,261,0,0,73,77,277,0,0,43,233,51,0,65,58,369,466,277,311,466,311,277,369,116,51,311,0,369,466,311,277,466,311,277,369,92,73,77,349,0,0,0,0,0,0,0,0,0,0,0,69,0,110,65,415,523,311,311,415,523,311,0,0,0,0,0,0,0,0,0,0,0,0,0,65,77,0,0,0,0,0,0,0,0,0,0,0,77,0,0,0,0,0,0,0,0,0,0,0,110,207,415,830,0,0,0,0,830,207,0,0,0,0,73,110,77,207,0,77,233,0,97,43,277,97,51,233,92,65,38,277,233,349,1108,349,415,554,349,0,0,0,0,0,0,0,0,0,0,0,0,0,38,0,0,73,77,349,554,415,349,65,0,58,261,207,311,1244,415,311,523,311,0,0,65,51,0,0,0,0,0,0,0,0,0,0,0,0,0,51,0,0,0,0,73,77,830,207,0,0,43,277,51,233,0,65,43,174,207,261,1244,311,523,415,311,0,0,0,0,0,0,0,0,0,0,0,0,0,43,0,92,73,77,311,523,415,311,0,0,0,0,0,0,0,0,0,0,0,0,58,233,277,349,1396,277,466,349,277,0,65,0,0,0,0,58,233,0,0,73,77,58,1661,207,0,1479,233,0,1396,277,58,1108,233,0,65,38,277,233,349,277,0,0,0,0,0,0,0,0,0,0,0,0,0,38,0,0,73,77,311,65,0,58,207,311,261,1244,261,0,0,0,0,0,0,0,0,0,0,0,0,65,51,0,0,51,207,0,0,73,77,830,207,116,51,311,0,0,65,43,261,174,207,311,415,523,0,0,0,0,0,0,0,0,0,0,0,0,0,43,0,92,73,77,349,466,554,277,0,0,0,0,0,0,0,0,0,0,0,0,58,349,277,233,0,0,0,0,0,0,0,0,0,0,0,0,0,65,0,0,0,0,0,0,51,415,830,207,0,830,207,0,0,0,0,73,77,51,1661,207,0,1479,233,0,1396,277,69,1108,233,0,65,38,233,277,349,311,554,415,349,0,0,0,0,0,0,0,0,0,0,0,0,0,38,0,0,73,77,311,554,415,349,65,0,58,207,311,261,1244,415,311,523,311,0,0,0,0,0,0,0,0,0,0,0,0,65,51,0,0,0,0,0,0,0,0,0,0,0,0,0,51,0,73,77,830,207,0,0,43,277,51,233,0,65,43,174,207,261,1244,415,622,523,415,0,0,0,0,0,0,0,0,0,0,0,0,0,43,0,92,73,77,415,622,523,261,0,0,0,0,0,0,0,0,0,0,0,0,58,277,233,349,1396,349,466,554,277,0,0,0,0,0,0,0,0,0,0,0,0,0,65,0,523,415,261,0,58,277,466,349,233,0,0,73,77,58,1661,207,0,1479,233,0,1396,277,58,1108,233,0,65,38,233,277,349,277,0,




0,0,0,0,0,0,0,0,0,0,0,0,38,0,0,73,77,311,65,0,58,311,207,261,1244,261,0,0,0,0,0,0,0,0,0,0,0,0,65,51,0,0,51,207,0,0,0,0,0,0,73,77,830,0,0,0,0,0,0,0,0,0,0,0,0,0,0,0,51,207,51,0,65,43,207,261,311,311,415,523,311,0,0,0,0,0,0,0,0,0,0,0,0,43,0,0,73,77,233,277,349,415,349,554,277,0,0,0,0,0,0,0,0,0,0,0,0,58,0,0,0,0,0,0,0,0,0,0,0,0,0,65,110,0,0,0,0,0,0,0,0,0,0,0,0,0,0,0,0,0,0,0,0,0,0,97,51,554,1108,0,554,1108,0,73,110,77,51,554,1108,207,0,51,554,1108,233,0,97,277,97,69,554,1108,233,0,65,38,277,349,233,1108,349,415,554,349,0,0,0,0,0,0,0,0,0,0,0,0,0,38,0,0,73,77,349,554,415,349,65,0,58,311,261,207,1244,415,311,523,311,0,0,65,51,0,0,0,0,0,0,0,0,0,0,0,0,0,51,0,0,0,0,73,77,830,207,0,0,43,277,51,233,0,65,43,261,311,207,1244,311,523,415,311,0,0,0,0,0,0,0,0,0,0,0,0,0,43,0,0,73,77,311,523,415,311,65,0,58,277,349,233,1396,277,466,349,277,0,65,0,0,0,0,58,233,0,0,73,77,58,1661,207,0,1479,233,0,1396,277,58,1108,233,0,65,38,277,349,233,277,0,0,0,0,0,0,0,0,0,0,0,0,0,38,0,0,73,77,311,65,0,58,261,311,207,1244,261,0,0,0,0,0,0,0,0,0,0,0,0,65,51,0,0,51,207,0,0,0,0,0,0,73,77,830,207,0,0,51,311,51,0,65,43,311,261,207,311,415,523,0,0,0,0,0,0,0,0,0,0,0,0,0,43,0,0,73,77,349,466,554,277,65,0,58,277,349,233,0,0,0,0,0,0,0,0,0,0,0,0,0,65,0,0,0,0,0,0,51,415,830,207,0,830,207,0,0,0,0,73,77,51,1661,207,0,1479,233,0,1396,277,69,1108,233,0,65,38,277,349,233,311,554,415,349,0,0,0,0,0,0,0,0,0,0,0,0,0,38,0,0,73,77,311,554,415,349,65,0,58,261,311,207,1244,415,311,523,311,0,0,0,0,0,0,0,0,0,0,0,0,65,51,0,0,0,0,0,0,0,0,0,0,0,0,0,51,0,73,77,830,207,0,0,43,277,51,233,0,65,43,261,311,207,1244,415,622,523,415,0,0,0,0,0,0,0,0,0,0,0,0,0,43,0,0,73,77,415,622,523,261,65,0,58,277,349,233,1396,349,466,554,277,0,0,0,0,0,0,0,0,0,0,0,0,0,65,0,523,415,261,0,58,277,466,349,233,0,0,73,77,58,1661,207,0,1479,233,0,1396,277,58,1108,233,0,65,38,277,349,233,277,0,0,0,0,0,0,0,0,0,0,0,0,0,38,0,0,73,77,311,65,0,58,311,261,207,1244,261,0,0,0,0,0,0,0,0,0,0,0,0,65,51,0,0,51,207,0,0,0,0,0,0,73,77,830,0,0,0,0,0,0,0,0,0,0,0,0,0,0,0,51,207,51,0,65,43,311,261,207,311,415,523,311,116,43,277,0,0,73,77,277,349,233,415,349,554,277,0,0,0,0,0,0,0,0,0,0,0,0,58,0,0,0,0,0,0,0,0,0,0,0,0,0,65,77,0,0,0,0,0,0,0,0,0,0,0,0,0,0,0,0,0,0,0,0,0,0,51,554,1108,0,1108,0,73,110,77,51,554,1108,207,0,77,51,554,1108,233,0,277,69,554,1108,233,0,65,38,233,277,349,1108,349,415,554,349,0,0,0,0,0,0,0,0,0,0,0,0,0,38,0,0,73,77,349,554,415,349,65,0,58,261,311,207,1244,415,311,523,311,0,0,65,51,0,0,0,0,0,0,0,0,0,0,0,0,0,51,0,0,0,0,73,77,830,207,0,0,43,277,51,233,0,65,43,261,311,207,1244,311,523,415,311,0,0,0,0,0,0,0,0,0,0,0,0,0,43,0,0,73,77,311,523,415,311,65,0,58,277,349,233,1396,277,466,349,277,0,65,0,0,0,0,58,233,0,0,73,77,58,1661,207,0,1479,233,0,1396,277,58,1108,233,0,65,38,349,277,233,277,0,0,0,0,0,0,0,0,0,0,0,0,0,38,0,0,73,77,311,65,0,58,311,261,207,1244,261,0,0,




0,0,0,0,0,0,0,0,0,0,65,51,0,0,51,207,0,0,0,0,0,0,73,77,830,207,0,0,51,311,51,0,65,43,311,261,207,311,415,523,0,0,0,0,0,0,0,0,0,0,0,0,0,43,0,0,73,77,349,466,554,277,65,0,58,277,349,233,0,0,0,0,0,0,0,0,0,0,0,0,0,65,0,0,0,0,0,0,51,415,830,207,0,830,207,0,0,0,0,73,77,51,1661,207,0,1479,233,0,1396,277,69,1108,233,0,65,38,277,349,233,311,554,415,349,0,0,0,0,0,0,0,0,0,0,0,0,0,38,0,0,73,77,311,554,415,349,65,0,58,311,207,261,1244,415,311,523,311,0,0,0,0,0,0,0,0,0,0,0,0,65,51,0,0,0,0,0,0,0,0,0,0,0,0,0,51,0,73,77,830,207,0,0,43,277,51,233,0,65,43,311,207,261,1244,415,622,523,415,0,0,0,0,0,0,0,0,0,0,0,0,0,43,0,0,73,77,415,622,523,261,65,0,58,349,277,233,1396,349,466,554,277,0,0,0,0,0,0,0,0,0,0,0,0,0,65,0,523,415,261,0,58,277,466,349,233,0,0,73,77,58,1661,207,0,1479,233,0,1396,277,58,1108,233,0,65,38,277,349,233,277,0,0,0,0,0,0,0,0,0,0,0,0,0,38,0,0,73,77,311,65,0,58,311,207,261,1244,261,0,0,0,0,0,0,0,0,0,0,0,0,65,51,0,0,51,207,0,0,0,0,0,0,73,77,830,0,0,0,0,0,0,0,0,0,0,0,0,0,0,0,51,207,51,0,65,43,311,207,261,311,415,523,311,0,0,43,277,0,0,73,77,349,277,233,415,349,554,277,0,0,0,0,0,0,0,0,0,0,0,0,58,0,0,0,0,0,0,0,0,0,0,0,0,0,65,110,0,0,0,0,0,0,0,0,0,0,0,0,0,0,0,0,0,0,0,0,0,0,97,51,0,0,73,110,77,51,415,110,51,466,116,97,554,97,69,466,116,65,38,554,698,466,1396,0,0,0,0,0,0,0,0,0,0,0,0,0,92,65,38,554,466,698,1396,73,0,0,0,0,0,0,0,0,0,0,0,0,0,0,65,51,415,622,523,1244,110,51,622,830,523,1661,0,0,0,0,0,0,0,0,0,0,0,0,0,0,0,0,0,0,0,0,0,0,97,155,116,110,65,622,349,415,523,1661,0,0,0,